1762826030793 0.0236893714863365 0
1762826030794 0.005453776556335516 1
1762826030796 0.004325232918421596 2
1762826030797 0.003372890432759867 3
1762826030798 0.0031161701673704943 4
1762826030799 0.0028368245841840565 5
1762826030800 0.002472675995411888 6
1762826030801 0.0022767224858151907 7
1762826030802 0.002089501021161549 8
1762826030803 0.0019388428368305756 9
1762826030805 0.0019272969033316536 10
1762826030806 0.0018919783533882287 11
1762826030808 0.001744355438119274 12
1762826030809 0.0017179567929183654 13
1762826030810 0.0015789050711476702 14
1762826030812 0.0015334847720608242 15
1762826030814 0.0015744010126612828 16
1762826030815 0.0015118661172830073 17
1762826030817 0.001431215934305436 18
1762826030818 0.0014964462873541702 19
1762826030819 0.00138641931550672 20
1762826030820 0.0014084802163070289 21
1762826030822 0.001328795578062408 22
1762826030824 0.001444870870465697 23
1762826030825 0.001372947651592983 24
1762826030793 0.0236893714863365 0
