1762364913374 0.0236893714863365 0
1762364913376 0.005453776556335516 1
1762364913377 0.004325232918421596 2
1762364913378 0.003372890432759867 3
1762364913379 0.0031161701673704943 4
1762364913380 0.0028368245841840565 5
1762364913381 0.002472675995411888 6
1762364913382 0.0022767224858151907 7
1762364913383 0.002089501021161549 8
1762364913384 0.0019388428368305756 9
1762364913385 0.0019272969033316536 10
1762364913387 0.0018919783533882287 11
1762364913388 0.001744355438119274 12
1762364913389 0.0017179567929183654 13
1762364913390 0.0015789050711476702 14
1762364913391 0.0015334847720608242 15
1762364913392 0.0015744010126612828 16
1762364913393 0.0015118661172830073 17
1762364913394 0.001431215934305436 18
1762364913396 0.0014964462873541702 19
1762364913397 0.00138641931550672 20
1762364913399 0.0014084802163070289 21
1762364913400 0.001328795578062408 22
1762364913401 0.001444870870465697 23
1762364913402 0.001372947651592983 24
1762364913374 0.0236893714863365 0
