1762824522329 0.0236893714863365 0
1762824522331 0.005453776556335516 1
1762824522332 0.004325232918421596 2
1762824522333 0.003372890432759867 3
1762824522334 0.0031161701673704943 4
1762824522335 0.0028368245841840565 5
1762824522336 0.002472675995411888 6
1762824522337 0.0022767224858151907 7
1762824522338 0.002089501021161549 8
1762824522339 0.0019388428368305756 9
1762824522340 0.0019272969033316536 10
1762824522342 0.0018919783533882287 11
1762824522343 0.001744355438119274 12
1762824522344 0.0017179567929183654 13
1762824522345 0.0015789050711476702 14
1762824522346 0.0015334847720608242 15
1762824522347 0.0015744010126612828 16
1762824522348 0.0015118661172830073 17
1762824522350 0.001431215934305436 18
1762824522351 0.0014964462873541702 19
1762824522353 0.00138641931550672 20
1762824522354 0.0014084802163070289 21
1762824522356 0.001328795578062408 22
1762824522357 0.001444870870465697 23
1762824522358 0.001372947651592983 24
1762824522329 0.0236893714863365 0
