1762825710392 0.0236893714863365 0
1762825710408 0.005453776556335516 1
1762825710410 0.004325232918421596 2
1762825710412 0.003372890432759867 3
1762825710414 0.0031161701673704943 4
1762825710415 0.0028368245841840565 5
1762825710416 0.002472675995411888 6
1762825710417 0.0022767224858151907 7
1762825710419 0.002089501021161549 8
1762825710420 0.0019388428368305756 9
1762825710421 0.0019272969033316536 10
1762825710422 0.0018919783533882287 11
1762825710423 0.001744355438119274 12
1762825710424 0.0017179567929183654 13
1762825710425 0.0015789050711476702 14
1762825710426 0.0015334847720608242 15
1762825710427 0.0015744010126612828 16
1762825710428 0.0015118661172830073 17
1762825710429 0.001431215934305436 18
1762825710430 0.0014964462873541702 19
1762825710431 0.00138641931550672 20
1762825710432 0.0014084802163070289 21
1762825710433 0.001328795578062408 22
1762825710434 0.001444870870465697 23
1762825710435 0.001372947651592983 24
1762825710392 0.0236893714863365 0
