1762369178874 0.0236893714863365 0
1762369178875 0.005453776556335516 1
1762369178877 0.004325232918421596 2
1762369178878 0.003372890432759867 3
1762369178879 0.0031161701673704943 4
1762369178880 0.0028368245841840565 5
1762369178881 0.002472675995411888 6
1762369178882 0.0022767224858151907 7
1762369178883 0.002089501021161549 8
1762369178885 0.0019388428368305756 9
1762369178886 0.0019272969033316536 10
1762369178888 0.0018919783533882287 11
1762369178889 0.001744355438119274 12
1762369178891 0.0017179567929183654 13
1762369178892 0.0015789050711476702 14
1762369178893 0.0015334847720608242 15
1762369178894 0.0015744010126612828 16
1762369178895 0.0015118661172830073 17
1762369178896 0.001431215934305436 18
1762369178897 0.0014964462873541702 19
1762369178898 0.00138641931550672 20
1762369178899 0.0014084802163070289 21
1762369178901 0.001328795578062408 22
1762369178902 0.001444870870465697 23
1762369178903 0.001372947651592983 24
1762369178874 0.0236893714863365 0
