1762825300721 0.0236893714863365 0
1762825300722 0.005453776556335516 1
1762825300723 0.004325232918421596 2
1762825300724 0.003372890432759867 3
1762825300725 0.0031161701673704943 4
1762825300726 0.0028368245841840565 5
1762825300728 0.002472675995411888 6
1762825300729 0.0022767224858151907 7
1762825300730 0.002089501021161549 8
1762825300731 0.0019388428368305756 9
1762825300733 0.0019272969033316536 10
1762825300734 0.0018919783533882287 11
1762825300736 0.001744355438119274 12
1762825300737 0.0017179567929183654 13
1762825300739 0.0015789050711476702 14
1762825300740 0.0015334847720608242 15
1762825300742 0.0015744010126612828 16
1762825300743 0.0015118661172830073 17
1762825300744 0.001431215934305436 18
1762825300745 0.0014964462873541702 19
1762825300746 0.00138641931550672 20
1762825300747 0.0014084802163070289 21
1762825300748 0.001328795578062408 22
1762825300749 0.001444870870465697 23
1762825300750 0.001372947651592983 24
1762825300721 0.0236893714863365 0
